2-5-5-3
5.88476559354746609
2.77267141145854668
2.10262772182407254
-2.97612627910491412
-1.94150326192385347
-2.50438791513042203
2.57422297488039220
-5.29361669100942578
-2.95746123933932203
-0.59877231001059339
-2.62985900345017010
-4.51169145327923715
2.14345970718307166
2.89708844548133992
4.39345769577159562
-0.06893361993675139
0.88766584041317897
-0.47394369205190878
3.82358749740259896
-0.43405642691708507
0.08983135178480484
7.66432681125309223
-3.76470541410939674
-2.09360517810734326
0.94878433256980310
-0.29993308260731594
3.80184708240046865
-1.27562498421441028
-8.66696702535552355
2.63838848100863776
-0.11800414816739903
2.74513930618188651
0.71214721548930970
-2.51977033160302444
0.68253514210720800
-2.24253026940690514
-1.51201257629953090
0.16020520159127052
-8.71805815957031527
-3.85861632326847470
6.11878179752490681
3.09743696340265151
1.36805755548683439
-4.17908481675401244
2.33328571198628509
9.03733109146695135
8.43362967739399139
0.24190816530311912
-0.69722351371644065
-9.71953862978834593
