2-7-9-3
1.75512827007920080
-0.86853225282060620
3.16382490674116479
-2.55375978225069566
-3.50190836069356459
0.04374965229204549
5.61474015232399903
-4.56916893136057478
-1.34820336013583764
2.60216794809634466
-1.35454333451882070
-3.28397839219829102
-1.55213139734291738
-2.42232491795850491
2.27864486842681746
-0.76433071286659005
-3.93539691351681453
0.37291458851985632
-2.71042578273984924
0.34735213857205577
1.45868010561201222
2.84330887069523452
0.98712146069057483
-0.80409113120403453
-1.63015350674782544
-3.06990450921106550
-0.13163570144652645
-0.81897912257065242
0.14296021284328952
1.02985580538066257
0.01463986875682720
0.48210274586246760
1.43963240791648217
0.59325733898630229
-0.24320962026259560
-2.00965423207432003
-0.34229600433170454
-0.80231194771213188
-0.02006524322654280
2.09602594466282000
-3.45400249880073185
0.64080452727088422
-1.10166394157312086
-2.41487022916553284
2.84393292985267587
-1.13013970310992651
0.91698359561933485
-0.61861890648093398
-1.68926773630568650
2.38283306527934524
-2.58178814291508729
-1.50203177749873262
-1.77364610644455500
1.74482755618817698
-0.61245882966783738
0.20724332441763560
1.68266375712080540
-3.17691268506835822
4.16411369143230203
-0.23618730241660574
-0.43648264478107346
-1.79775957133910902
-0.22623072612958778
-0.07216499227396518
1.31198145868323390
-0.58479428120130705
1.53784839414413255
0.44200009695115017
-2.31592956123068916
1.93383411435443575
3.40240891711937987
0.02020263334985871
2.11099809465784549
0.07127278261942299
-0.88915757687581609
-3.87739944051697316
-0.62681512957007690
-1.86354605875573975
1.09784942133856345
3.55194388942882133
1.82373339985025673
2.97637754222774698
-0.02006140077498776
5.09852330818705646
3.53883657768597804
-4.36846438830959904
-1.53858445394164289
-2.99709125463126069
-1.85215915461387115
1.40978487340728464
2.81774113851452146
-2.58770469180337503
-2.36201696867704580
0.23549466746503186
-0.90385005376504679
-1.47924268900161171
-1.27519525999630257
0.53650298588012491
-3.72860616443329640
2.55326936310172137
5.38976712480575415
-3.26320425401659753
-3.49410215417702430
-5.09520821824834869
