2-5-20-3
0.35806
-0.45197
0.57643
0.84326
1.20407
2.26722
2.28707
2.33585
-2.89737
-3.45321
-0.37309
-0.16025
0.51982
0.69335
0.74367
-0.25952
0.61651
1.73727
-0.14933
0.15152
-0.57532
0.81365
0.99002
-1.56479
0.08456
-0.40300
-0.23422
0.61434
-0.28592
0.70691
-0.53893
0.36110
0.93594
1.06598
0.01894
0.07992
1.20919
0.74837
-0.72518
1.00592
-0.35803
0.60711
1.04407
-1.26252
-1.19607
-0.87705
0.47276
1.08146
-0.82639
0.96075
0.57150
0.16723
-0.41493
0.26808
0.59648
-0.24725
0.13770
1.59612
0.09542
1.15723
-0.56348
0.65215
0.62937
-1.67940
0.13461
-0.56067
0.57204
0.16563
-0.28670
1.53739
0.53789
0.56445
-0.82898
0.05000
0.72865
1.48042
0.24911
-1.25657
1.00756
-0.46736
1.49569
-0.95553
0.23044
0.61599
0.59177
1.44308
1.06582
1.05034
0.82657
-0.97144
0.74435
1.31559
-1.63310
0.25082
0.80011
1.72322
-0.37393
-1.51054
1.47927
0.31024
1.30753
-0.13606
1.21189
1.03015
1.44127
2.06165
1.49498
0.98255
2.21465
-1.22601
-1.82167
0.46402
0.34765
-0.74745
0.11650
0.39636
3.41478
1.11954
0.80358
1.15260
0.23681
0.90170
-0.92886
0.17917
0.93557
-1.67028
-1.44676
0.77053
1.58305
0.76729
0.38215
1.97203
6.15018
0.67617
-1.99475
-0.57391
0.68833
0.58447
1.07429
1.31166
-1.79431
-1.62750
0.67299
1.56424
1.28539
0.80997
0.57474
-0.43374
1.16025
-0.05722
-4.91832
0.52700
-2.56004
0.58521
0.23846
-2.74249
-1.27409
0.97688
-1.08966
-1.00464
0.79852
-0.24586
-0.15915
-0.05507
-2.26033
-0.21031
1.25454
1.28948
3.80154
1.31036
