2-5-20-3
0.53957
3.44332
-0.98622
0.47567
1.08989
-5.07370
0.99876
5.86585
4.50554
-6.19401
1.69969
1.63917
1.31821
-3.06309
-1.89406
1.33378
-2.99017
1.89138
0.63232
1.78631
1.27753
-1.50504
1.44286
1.21370
-0.33781
-3.42088
-2.21462
-3.96761
1.72552
3.58881
1.70518
1.99434
0.28364
0.64041
-0.05746
0.84051
3.82710
-0.72802
-2.19737
1.46675
-1.29199
2.75729
1.59801
-2.18335
1.07702
2.81061
0.11444
3.90728
1.12304
-3.82717
0.80495
1.37112
-0.47579
5.23692
2.17641
0.68641
4.73985
-1.74679
2.75912
0.69113
-1.08954
2.16973
1.70400
-1.25256
1.86210
4.97931
4.77074
5.50055
1.34331
-3.85014
1.04496
1.34920
-0.17426
2.89093
1.60751
0.92529
4.08816
-1.23406
1.48126
1.02933
-0.88811
2.14097
0.92359
-1.71862
1.81944
4.07103
3.54022
5.00606
1.05145
-3.25788
2.11870
1.48532
2.10791
-4.32143
-2.35739
1.23352
-4.34350
2.49732
0.05008
1.46333
1.70665
-1.65909
1.00085
2.03392
-1.19907
-4.91259
-3.13838
-5.54754
2.24800
3.81706
0.16042
0.89886
-2.47765
0.67478
0.44585
-1.75889
-0.03293
-0.52515
-1.32416
-3.78700
1.08203
6.21427
-1.63615
-0.59057
1.74529
0.07694
-0.20625
-0.97493
1.89964
3.83749
1.00699
0.74015
-1.19974
-1.63892
-6.32872
-4.92260
4.15944
0.89910
0.42339
-1.55521
-0.51887
-1.70267
-0.91981
1.74046
2.48088
-0.21874
1.80437
0.83261
-0.91909
-1.66591
-3.02882
0.52140
0.41901
0.73538
-0.19623
-0.66884
2.95647
2.07232
-3.91266
-1.84833
3.74798
0.05598
3.26757
1.74209
0.19381
-0.75287
-1.95413
-0.45952
-2.89834
-2.08472
