2-5-20-3
2.28252
3.30626
2.27506
-2.07703
1.39070
1.28093
1.16333
0.45223
-0.08050
0.82823
0.86059
1.36089
1.28846
0.38139
0.70060
0.98993
0.81523
0.38246
1.44465
0.92878
-0.94343
-1.34449
0.56858
0.93628
1.17504
1.46793
0.16386
1.01148
-0.04267
1.31846
0.87301
1.71354
1.65011
1.10948
1.91712
1.30405
0.15125
0.18273
0.07172
1.27543
-2.51907
-2.15119
0.69035
1.02526
0.67708
0.94506
0.55723
0.76993
0.11261
1.06865
1.03107
0.32229
1.15828
0.57423
1.40558
0.70812
1.18192
0.96996
0.51997
0.83819
-1.62432
-0.50280
0.79947
0.38481
1.36624
0.36320
0.35564
1.02311
-0.46645
1.46103
0.04964
-0.76411
-1.40997
0.94992
-1.33164
0.45873
0.81754
0.52045
1.59559
1.07361
1.40898
0.97392
0.52431
0.12053
0.42838
1.62195
0.83182
-0.89668
0.31424
1.18493
1.12832
0.31715
0.61826
1.27578
1.05328
0.72622
1.33434
1.22229
0.76488
0.94886
-0.41208
-0.10202
1.28736
0.40060
1.13808
0.72905
0.15979
1.06596
0.84337
1.61559
0.45337
0.70701
0.34689
1.09233
2.82770
0.76178
0.42209
3.60876
1.27127
0.54315
-0.75233
0.97051
1.44965
2.85153
1.39277
0.41237
0.84105
0.75361
1.35329
-0.26991
0.03049
1.10680
-0.24140
0.50017
0.76169
-0.75454
1.22081
0.15786
-0.37369
0.43323
0.06508
-4.41714
1.38804
0.59521
-3.37108
0.52406
1.33386
-0.72400
1.07488
1.30517
1.66138
0.68250
1.03471
0.51866
1.01936
0.15607
-0.70759
0.30053
1.07556
0.05196
0.51635
0.64677
1.92270
1.12975
0.70194
-1.70172
0.21002
1.28973
-0.96663
0.96947
