2-5-20-3
-0.30025
1.70411
3.39507
2.18503
-1.29205
-2.74561
2.11559
3.29736
0.33693
-2.70937
1.67847
0.73542
2.02908
0.16678
1.39570
1.76495
0.43353
1.23091
1.09729
-2.23739
1.08588
1.57341
-0.01552
-0.05735
-1.76532
1.28136
1.65712
-1.59179
1.09634
0.78228
0.14520
1.00208
0.95978
-0.29698
0.61086
1.57923
-1.41132
1.17788
0.79862
2.46454
-2.27320
1.95869
1.09975
0.95465
0.90046
1.84317
0.56201
2.66441
0.66874
1.41187
0.05368
0.41875
1.70253
-0.15387
0.73681
1.08249
1.02692
0.68270
-0.06541
5.51372
-1.99311
0.94822
-0.76122
0.85807
4.08326
1.74861
0.65032
3.43665
0.94856
1.13039
1.41531
0.44779
0.95038
-0.20219
1.32602
1.10414
-0.81009
1.79982
1.44603
1.22048
-0.90058
1.53806
0.21512
0.80455
0.29323
1.87782
0.94063
1.28926
0.84296
0.99488
1.62906
1.82575
2.00470
0.80200
0.09782
1.73306
1.30170
1.53515
0.56920
-3.07143
2.02678
1.34080
0.65467
-0.56252
-2.18113
1.35001
1.78582
-2.57498
0.65423
1.29179
1.01400
-0.87478
-2.19105
0.26965
-0.77512
-1.20747
1.35619
-0.49734
-0.89724
1.03901
-1.13619
0.77587
0.92505
0.83143
-0.93100
1.13367
-0.31552
-1.05758
0.58142
-2.60779
5.23607
0.39021
-0.60633
-1.56343
1.28455
-0.02844
-1.68910
1.41164
5.21467
7.52349
1.16781
-4.49633
0.74212
0.91831
0.79702
-1.94185
1.42247
0.42306
-3.05409
0.28603
1.11606
0.90306
1.03603
3.08955
6.91094
0.90751
-0.48414
-1.17357
0.94602
-1.09711
-0.86254
0.47936
5.25680
1.74480
0.46454
0.55348
-0.14784
1.09464
0.43547
-0.51950
