2-5-20-3
1.01578
1.32240
-4.40857
2.44271
-1.00713
2.26403
2.31271
1.80040
-0.82666
-1.11541
1.51182
1.11962
0.72484
1.65818
0.95220
0.43726
0.24766
1.37511
0.30866
1.12470
1.74561
-0.74221
0.94052
1.27508
1.31236
1.43291
-0.45422
1.20355
-0.32419
-0.59320
1.46322
0.72285
1.10186
1.94082
0.40178
-0.94231
0.51452
1.61506
1.47908
1.77671
2.25977
-1.47640
1.13947
2.44169
2.36990
0.16196
-0.81679
0.94035
-1.18461
-1.35582
1.03363
-3.32925
-0.65366
1.44561
0.55125
1.88005
1.17495
1.68356
-0.97106
1.02972
1.31438
3.80963
0.69368
1.94650
1.04000
0.37882
1.78932
1.49962
1.93545
6.07693
1.05010
0.24152
0.18773
1.78567
0.91295
-0.60707
-1.05233
1.60204
0.56824
1.63057
1.12305
-1.16986
-0.50924
1.91918
2.28815
0.64981
-0.73915
-0.62548
-0.25928
-0.61873
1.85029
-0.38690
0.80341
1.82118
1.27645
-0.62207
-0.51634
1.58645
-0.23691
1.81147
1.73345
-0.45434
-0.72110
2.42910
1.36395
-0.37037
-0.29343
-1.04336
-0.24350
1.93526
0.11059
-0.59901
-1.30316
4.41343
-0.49664
-0.91598
0.96157
0.13683
-1.63879
-0.60765
-1.06292
-2.38190
-1.37346
-0.77466
-1.75293
-2.36354
2.02732
1.59550
0.53949
2.64765
2.67125
-0.95853
-1.17448
-1.81932
1.42882
0.58472
0.29202
-0.42997
-1.11807
-1.79866
0.86974
-0.77812
-2.23517
-3.48528
2.07777
4.68064
2.45636
2.85375
4.57871
-0.14551
-0.33002
-2.19964
-0.10514
-0.28809
-2.51694
0.73311
0.78637
-0.17713
-1.80139
0.83290
3.75774
0.95696
4.35794
5.53958
-2.57007
0.26168
0.29455
-5.66075
-1.91374
3.65828
