2-5-20-3
4.80048
2.23559
3.71343
-0.71647
-1.26821
-1.56058
1.05447
3.44446
-0.55867
3.12545
-1.31550
1.15790
-0.84567
1.46857
-0.91225
-1.86911
1.11842
2.46509
1.72826
0.38542
1.63989
2.41384
0.83786
2.58408
-1.62701
-0.13968
1.13654
0.52611
-1.84437
1.33836
-0.06112
1.15453
0.48703
2.09318
-0.50026
0.14052
1.80701
1.62310
2.09040
1.03551
0.93393
2.34183
1.21706
2.04348
-0.43763
-0.07747
2.14090
1.02879
0.04945
1.81786
1.53613
0.49833
2.73016
1.90216
-1.10476
2.05624
1.11319
1.71028
1.17839
1.75842
0.28889
2.40179
0.41290
1.70540
0.17428
0.02556
1.18443
1.03071
2.56230
0.75514
-0.33171
0.48309
-0.12978
2.02956
0.22514
0.38950
2.15152
2.45127
2.14620
-0.86323
-1.30766
1.45993
0.72531
1.78638
1.30419
-0.72791
1.82566
-0.48417
0.27898
1.60523
-0.75655
1.16951
-1.36800
1.04575
0.44782
-1.28620
0.83819
1.53372
2.28292
0.25400
-0.22217
2.34989
0.97765
2.08577
-0.40329
0.38295
1.96020
-0.21245
-1.49040
1.51235
-3.20418
0.83343
3.87095
1.03431
0.41212
-0.45731
-1.78909
2.22151
6.87695
0.21847
0.02368
-0.82253
-2.07337
-2.50403
-1.69001
-4.88728
0.40876
6.27989
-0.72536
-1.18684
-1.14534
-0.86104
-0.70441
-2.42163
-0.31674
-0.14761
-2.33177
2.25014
1.88978
3.57678
5.73529
3.65380
1.18197
-0.05944
0.06660
-2.11967
1.49697
-0.59589
-0.83254
0.33309
-1.08548
-2.18513
-5.73989
-2.01610
0.97740
0.03824
0.16654
-0.55868
-0.22488
-0.38521
-1.71390
1.80047
2.42428
1.56888
-5.00866
1.12675
7.12540
-0.37140
-0.19605
-1.62065
