2-5-20-3
1.94941
12.57111
3.52645
-13.95593
-1.67105
7.39648
-6.41050
7.40384
7.10785
-6.07615
3.65627
1.77277
0.93522
-8.25153
-1.85065
-1.52500
-0.45706
3.00429
1.88932
-10.15148
-1.20176
-1.33079
2.09066
29.70252
1.32433
-1.40821
0.24055
-18.74928
-2.89622
-18.14417
-5.06977
4.82888
4.76313
3.36745
-1.64158
-3.19241
1.01020
5.41237
-3.25403
1.86268
-3.56492
5.43942
2.73579
-31.07594
2.37547
-3.35036
1.50992
20.08895
0.87414
19.52661
3.59677
3.31762
1.55488
-7.01021
-0.77284
-0.52719
0.83910
4.55043
2.87920
-11.27733
0.28775
-1.85578
1.29749
28.76613
0.07226
0.63770
0.20671
-18.14322
-2.51748
-17.19810
10.58392
2.04942
1.23347
-6.96096
1.74120
0.02953
-0.85192
-6.28139
8.94443
-10.33738
-0.56982
-1.81395
1.79696
62.25530
0.20124
-0.04708
-0.29141
-39.53307
-0.61465
-39.10894
1.95660
1.26694
2.41477
0.64258
-1.29077
-3.17639
-1.69493
-0.09916
0.36559
4.94816
-2.81452
3.56494
1.65890
2.58133
1.85832
-3.88290
-0.30176
-1.96538
0.63285
-2.65137
-2.66151
-0.01683
2.81767
-1.20559
-2.82814
-2.17424
-2.07342
-0.17034
-5.90898
-2.94588
-2.71204
-0.65914
-2.36727
-1.97280
-0.61851
-0.27641
1.81216
0.53371
1.01298
0.36143
-0.76434
5.59390
8.18681
16.18620
-3.87876
-2.26041
2.42269
-1.04761
-4.33529
-1.22266
0.11922
2.29345
1.62429
-1.79702
-0.25161
-2.92604
-1.33496
1.12563
-1.03019
-5.56609
-0.71744
5.65304
-0.97384
1.58908
-2.70670
-0.61105
4.45432
4.11803
0.68507
1.72248
0.66111
4.14947
2.48911
-3.57817
-2.02038
-3.08423
-1.80482
4.99896
3.27680
-5.29755
