2-5-20-3
-11.56963
11.84917
-11.67277
11.87095
-4.09566
5.66568
-5.80850
5.70368
-5.82176
1.58722
27.65815
0.59760
4.32224
17.81600
-0.95690
-5.82315
1.70054
1.43911
1.99222
2.05325
1.93437
1.75987
1.93706
0.15155
0.59220
2.69028
-0.67262
-0.68115
5.87075
-22.22236
-23.69530
-2.08352
-4.84674
-22.24864
-2.44397
5.51142
-0.91739
0.43487
-2.49193
-0.41530
0.07328
-2.27615
2.17415
-1.57114
-0.90425
1.39234
-0.72241
-1.75624
-6.88549
24.53211
27.99301
0.61776
3.85620
17.94017
-0.97784
-5.76039
1.78177
0.65032
2.02169
1.44023
2.96072
1.94129
1.05187
0.27492
0.29406
2.33623
-0.92867
-0.41425
5.98776
-23.47222
-24.19232
-2.48412
-5.04368
-21.71742
-1.61344
4.97132
-0.92274
1.50517
-2.85034
-0.50118
0.13831
-2.52996
1.44790
-0.96469
-1.71233
1.59884
0.24832
-1.68757
-7.77493
24.60472
4.35449
-0.95720
0.46932
-2.41154
-0.59689
-0.39080
-0.05485
0.09853
1.72242
0.97295
1.63265
0.98128
2.25889
-0.88054
-0.72034
1.90451
-0.00011
-0.06176
2.04763
-3.32266
8.01036
3.97304
7.77306
0.36622
1.76149
-0.55676
0.56118
1.92917
0.72373
-1.10330
1.05670
5.25673
0.12560
0.60991
0.36926
-1.08169
-1.88439
-1.78787
0.46086
2.15371
0.92433
0.28984
-0.66913
-1.22951
-2.25939
0.36856
1.21507
-0.41417
0.50806
0.15763
-3.36665
-0.32351
-0.82818
-0.91049
1.39082
1.46359
-1.92328
-0.28386
-2.08490
0.47563
0.79103
-0.80289
1.91638
1.19064
-0.23261
-3.13273
-0.91663
-2.13702
-1.07674
-0.71239
-1.11344
-0.90616
0.55352
0.33520
-2.99872
2.12789
1.67057
5.82254
-1.64610
-7.95700
