2-5-20-3
1.03282
0.75449
1.05560
0.52373
1.22489
0.17993
0.52749
0.17040
0.86052
1.13067
0.24430
0.26841
0.48381
1.10292
0.66132
0.98352
0.61478
0.56548
1.06761
1.32071
0.61011
1.46099
0.74546
0.56460
0.46431
0.70920
0.65746
1.41974
0.95192
1.29433
1.47264
0.42415
1.31397
0.79782
0.53513
1.34475
0.92031
0.31797
0.10348
0.87827
0.47288
0.91935
0.86294
0.28394
0.67595
0.88626
0.75729
0.93672
1.00643
0.16202
0.83150
0.99991
0.75283
0.27132
0.16341
0.92274
0.37094
1.20722
0.13797
1.02136
1.23250
0.98259
0.98556
0.48507
0.35978
0.08841
0.37859
0.36269
1.04456
0.75396
0.48284
1.44589
0.82593
0.37347
0.14205
0.52228
0.58841
0.64317
1.36034
0.15360
0.46397
0.78683
0.10302
0.81171
0.96629
0.13825
1.05897
1.08816
1.26340
1.44914
0.61847
1.17019
0.51350
0.27807
1.48438
1.45526
1.43342
0.12814
0.76536
1.27254
0.20597
0.58637
1.43001
0.53402
0.22551
0.49230
0.40152
1.13167
0.75362
0.42775
0.60591
0.80933
0.53422
0.72095
0.56878
0.68801
0.16153
1.18409
0.89330
0.96776
1.21332
0.20914
0.73672
0.32597
0.68314
1.39291
1.06499
0.17600
0.34454
0.26824
1.17179
1.49237
1.45100
0.64467
1.44583
1.08122
1.16150
0.64239
0.97277
1.33798
0.61378
0.08941
0.91743
0.88964
0.65158
0.98897
1.03729
1.28729
1.19551
0.82221
1.12972
1.38100
1.48738
1.38593
0.80879
0.62445
1.21458
1.15991
1.03635
0.36912
0.12494
1.12770
1.06928
0.62419
1.48351
0.44671
1.02135
1.44450
0.52090
0.52462
