3_5_3
3.44871933267320996
-5.31271140099066397
5.28586593752880063
7.44411193499493162
5.25759406206583257
-7.74943190220034328
-1.25211184252026597
4.45686639749599856
-3.28934137237367130
4.37239257496173739
0.48727881963703729
0.25539234995627419
0.10018987022349139
0.23200883387215848
0.41930281180855955
-9.65257259022309810
-5.31412597971316281
9.16257245713339508
-10.59979718430068907
-12.54830182104357306
-12.59167357518612285
-1.38120963598713198
4.13571311252212315
4.01129445496062331
6.97010625244463977
1.44081083594045189
-12.59055502967734164
-0.99700754704519234
4.11063229034637523
3.94441669581740673
