3_5_3
5.45294027637424339
-4.78920925226957550
8.14567134232543744
3.04825745057927744
-1.55012709205697718
5.35042323246770479
-2.68784282454799905
-3.83209881045157763
-7.33372917406557168
2.69589693736384373
0.21864188132744372
0.29683385817186619
0.43145035110947227
0.12366080490111411
0.10003156587482970
-3.12778193214978595
6.81558312068012384
10.48146436683699534
-9.07630844357443500
-11.61860845216670413
-8.46606550755421239
8.20136345142823586
2.50403719173302663
-10.83046425188761042
-9.86320824009647446
-4.64399380177278065
6.11786920892442332
-0.84884734421093266
-1.36964678862510758
-5.69647379331850257
