3_5_3
4.82953015767333671
-3.03044559170312189
0.20417465259942907
-7.98727233985145091
-4.76405971301435383
4.82780136357858591
6.91707611580409942
-4.12462459865037889
3.63639970565654824
-4.89453742940535452
0.49553341623187691
0.42259443454565226
0.46489628346864897
0.30783186862609901
0.49786598235269358
-0.12777215401425251
7.27972091140591093
5.57351927836706995
4.84510235237049702
1.40126320937408733
-10.07036712633448161
-8.53176719252137694
-4.72391056321485792
-1.18455664834546126
-9.38087006962354764
-3.89873015106501430
9.05104882682399214
-5.92966292731513978
-8.53545324650289317
-11.64332213696940244
