3_5_3
6.96172142829908669
-4.41455792995893326
5.61969365018702760
-1.47588274129072250
-3.86345816047762680
-3.23188457834697651
0.76826834745757877
5.63305543059655189
-4.57906243993430984
8.13530831611648964
0.49850540608098054
0.36819766623349753
0.39221437996822150
0.28708431617686725
0.20154873994251188
1.83397076275849358
-0.04052318218330368
-8.04966748660107179
-11.13187613800176479
-7.00358589489340577
2.00455650922535566
-4.30525649809694588
6.88574924595525228
13.60997882942631243
-10.08221665430526137
-10.70148444822215339
-5.76029390281022202
7.20803163252010126
2.51639160511829418
-10.26886632567430624
