3_5_3
-8.13474435398148898
3.56308195742677425
-0.89330745587855132
1.65105596467174043
-5.94544124937757346
3.57650924293438077
-7.94862777221034111
-3.40046538539593834
1.52015209591405442
-5.90052112016970209
0.14060698227985158
0.46071083823252046
0.48989046141034481
0.16949966161954202
0.30042513916288743
-8.92701763368320123
-2.78711035406132801
8.12342628410667089
-7.37729849746322408
-1.98560646412180986
8.52906927207835786
-5.49242453306487999
-3.72249080751808359
-1.25520376525520838
4.85695502414483204
9.23625142229959195
-4.40702924889693204
-4.85236363867911447
-9.47600085281284699
-19.17186212185109540
