3_5_3
-3.64459383888732935
5.00482205888426179
-7.69928235071007983
0.46028672365340234
-2.08497868700868016
7.97093506206601443
5.42934162058769587
3.43456705362465708
1.83520365139622399
-5.42073851157253550
0.41438089996314653
0.37500535690924403
0.16417586638786638
0.37910962006035709
0.26594069365688633
8.02333137628465565
1.82823680435898561
-10.17094227511260840
-3.63959805652324464
4.90036188043901788
7.71164090665797808
-9.56184887551480323
-4.69671823686238188
9.05648853672492216
0.18766544370073382
2.72646711230020511
-2.38111492647368683
-9.63566824600975202
-12.97166288145887414
-12.37582248105489313
