3_5_3
5.15202361902772399
3.55876796917928750
-4.03293537380943778
7.77227173016686823
-4.10317569238093593
4.95582952603021365
-7.96576683540356889
-1.41335194398929653
-3.52291730641302259
-2.40489669352041968
0.21573097804362468
0.47084894421084272
0.49569682068922410
0.27723737814335031
0.28263597552787328
-2.44795299676051936
6.73495155208355634
6.50511058666505182
-9.03438514363983280
-3.26738768639427590
9.17423177067885298
-7.66724124948025132
-6.78253401935665146
-6.13212911133244720
6.89184814792900013
1.40520016391784286
-10.94684398220576149
-6.86042329513171101
-6.73378731445260303
-7.06530488412763802
