3_5_3
8.09340438879902280
3.57808148578595775
4.62076667975035171
4.66198691782800623
-5.34403486688957940
-3.62369797508527203
-7.92988860877680324
3.98423248050152878
3.99643658065547625
-1.97425637449515823
0.26703956134945134
0.11757519152833856
0.31644754997289160
0.46418369950921451
0.29403692381178820
8.10464782215332136
0.90138843343122632
-11.11685406525088027
-9.45138748401282491
-3.70141615570246474
9.09673196975322362
-1.84674156825051483
3.46436877134344234
3.24025099660634774
-1.75551355190641378
3.80006082944620127
3.31404434456981933
-9.12474716526205221
-12.67010198865812143
-12.66473395796547052
