3_5_3
-4.99568447141960803
7.14461528818711766
4.95009890742630532
-3.99020310526845190
3.57440636428135505
-4.58740296840874873
-3.15977709813930296
4.72336371305432134
0.19884292644302456
-7.88372463845298554
0.31664032704040423
0.18685580365679033
0.24416447009153874
0.41804162502197628
0.15894837922367658
-5.60602191998421873
-8.61288149323900498
-11.42214790662617574
5.10381956911737245
1.40738535497876271
-10.14024841964100609
-0.36836531806944472
7.27232413352468665
5.66589629141078088
-8.02740872404971384
-4.61673181964181101
-1.41294429073726868
-9.43070123129122706
-3.92562305187229743
9.03577933849936343
