2_5_3
-3.98119039713523026
5.71680083323191823
-3.67352746768782090
0.56871323322434530
8.20160764081272298
-1.04166307328642604
5.78470903351008925
7.81188022261839432
-4.28918614836696221
-3.91162940612090893
-10.13651226975839670
-10.67066167282447253
-3.74720052017139560
-5.66854148001385028
8.11336794887713353
14.67915027658053084
3.90071444192138683
-0.48038749180475987
-9.23193779176823348
-8.39081951174245866
-5.84500250437470026
-0.07255760153213708
6.47788944966463553
0.43682956729464795
-10.02322936000351383
